1.25 0 0 0
3.75 0.0014086 0.00198916 0.00256973
6.25 0.0191397 0.0218473 0.0245548
8.75 0.0274333 0.0317567 0.0360802
11.25 0.0372281 0.0425975 0.0479669
13.75 0.047774 0.0535961 0.0594182
16.25 0.0493421 0.0546344 0.0599268
18.75 0.0646733 0.0690091 0.0733448
21.25 0.0660469 0.0706216 0.0751963
23.75 0.0776077 0.0817772 0.0859468
26.25 0.0762997 0.0824345 0.0885693
28.75 0.0758419 0.0803657 0.0848895
31.25 0.0794748 0.0855554 0.091636
33.75 0.0643302 0.0695869 0.0748436
36.25 0.0572672 0.0636816 0.0700959
38.75 0.0411737 0.0472182 0.0532626
41.25 0.0256469 0.034249 0.0428512
43.75 0.0183179 0.025401 0.0324841
46.25 0.0106086 0.0159611 0.0213136
48.75 0.00944225 0.0145052 0.0195681
51.25 0.00764395 0.0111786 0.0147132
53.75 0.00307978 0.00646533 0.00985089
56.25 0.00204172 0.00516098 0.00828025
58.75 0 0 0
61.25 0 0 0
63.75 -1.0842e-19 0.000781871 0.00156374
66.25 0 0.00253106 0.00506212
68.75 0 0 0
71.25 0 0.000193553 0.000387107
73.75 0 0 0
76.25 0 0 0
78.75 0 0 0
81.25 0 0 0
83.75 0 0 0
86.25 0 0 0
88.75 0 0 0
91.25 0 0 0
93.75 0 0 0
96.25 0 0 0
98.75 0 0 0
